1.00000000000000000000000000000000000000000000000000,0.48571428571428570952761560874932911247014999389648,0.53521126760563375590606938203563913702964782714844,0.60526315789473683626198408092022873461246490478516,0.59154929577464787637808285580831579864025115966797,0.61764705882352943788760057941544800996780395507812,0.58666666666666666962726139900041744112968444824219,0.54054054054054057054656823311233893036842346191406,0.57499999999999995559107901499373838305473327636719,0.58333333333333337034076748750521801412105560302734,0.05714285714285714107285585328099841717630624771118,0.07317073170731706877045752435151371173560619354248,0.05128205128205128027207848617763374932110309600830,0.05882352941176470506601248189326724968850612640381,0.08695652173913043236908038124965969473123550415039,0.08219178082191780365661770701990462839603424072266,0.07594936708860759722039546204541693441569805145264,0.06153846153846154187760930653894320130348205566406,0.08695652173913043236908038124965969473123550415039,0.10000000000000000555111512312578270211815834045410,0.08450704225352112519686897940118797123432159423828,0.12698412698412697707794904999900609254837036132812,0.05970149253731343169659950831373862456530332565308,0.08571428571428571507873073187511181458830833435059,0.00000000000000000000000000000000000000000000000000,0.05194805194805195147633725127889192663133144378662,0.07894736842105262719648806069017155095934867858887,0.00000000000000000000000000000000000000000000000000,0.07058823529411764607921497827192069962620735168457,0.03030303030303030387138107926148222759366035461426,0.14999999999999999444888487687421729788184165954590,0.07317073170731706877045752435151371173560619354248,0.09195402298850574585031836249982006847858428955078,0.05333333333333333675652099259423266630619764328003,0.12987012987012985787416141647554468363523483276367,0.14285714285714284921269268124888185411691665649414,0.14285714285714284921269268124888185411691665649414,0.20253164556962025000252936024480732157826423645020,0.12500000000000000000000000000000000000000000000000,0.10000000000000000555111512312578270211815834045410,0.10000000000000000555111512312578270211815834045410,0.16901408450704225039373795880237594246864318847656,0.10000000000000000555111512312578270211815834045410,0.12121212121212121548552431704592891037464141845703,0.13114754098360656420219072515465086326003074645996,0.06250000000000000000000000000000000000000000000000,0.20895522388059700746865132714447099715471267700195,0.09230769230769231281641395980841480195522308349609,0.09677419354838709408817010171333095058798789978027,0.12698412698412697707794904999900609254837036132812,0.08219178082191780365661770701990462839603424072266,0.10666666666666667351304198518846533261239528656006,0.11267605633802817155508790847306954674422740936279,0.11267605633802817155508790847306954674422740936279,0.10958904109589040487549027602653950452804565429688,0.05128205128205128027207848617763374932110309600830,0.08333333333333332870740406406184774823486804962158,0.11428571428571428214571170656199683435261249542236,0.00000000000000000000000000000000000000000000000000,0.10000000000000000555111512312578270211815834045410,0.13157894736842104532748010115028591826558113098145,0.08695652173913043236908038124965969473123550415039,0.12121212121212121548552431704592891037464141845703,0.09090909090909091161414323778444668278098106384277,0.11267605633802817155508790847306954674422740936279,0.10666666666666667351304198518846533261239528656006,0.08823529411764706453791262674712925218045711517334,0.13513513513513514263664205827808473259210586547852,0.09090909090909091161414323778444668278098106384277,0.10810810810810811410931364662246778607368469238281,0.13793103448275861877547754374973010271787643432617,0.13157894736842104532748010115028591826558113098145,0.10526315789473683626198408092022873461246490478516,0.14285714285714284921269268124888185411691665649414,0.11428571428571428214571170656199683435261249542236,0.09836065573770491621274913995875976979732513427734,0.15873015873015872134743631249875761568546295166016,0.12903225806451612545089346895110793411731719970703,0.06153846153846154187760930653894320130348205566406,0.09230769230769231281641395980841480195522308349609
0.48571428571428570952761560874932911247014999389648,1.00000000000000000000000000000000000000000000000000,0.65753424657534242925294165615923702716827392578125,0.51282051282051277496520924614742398262023925781250,0.46575342465753422072083367311279289424419403076172,0.48571428571428570952761560874932911247014999389648,0.41558441558441561181069801023113541305065155029297,0.28947368421052632747603183815954253077507019042969,0.41463414634146339432518857393006328493356704711914,0.56756756756756754356274541351012885570526123046875,0.05555555555555555247160270937456516548991203308105,0.02380952380952380820211544687481364235281944274902,0.05000000000000000277555756156289135105907917022705,0.08571428571428571507873073187511181458830833435059,0.05633802816901408577754395423653477337211370468140,0.10666666666666667351304198518846533261239528656006,0.07407407407407406996213694583275355398654937744141,0.08955223880597014407545231051699374802410602569580,0.11267605633802817155508790847306954674422740936279,0.16129032258064515681361683618888491764664649963379,0.02739726027397260121887256900663487613201141357422,0.03076923076923077093880465326947160065174102783203,0.02898550724637681194617577773442462785169482231140,0.02777777777777777623580135468728258274495601654053,0.02564102564102564013603924308881687466055154800415,0.05063291139240506250063234006120183039456605911255,0.05128205128205128027207848617763374932110309600830,0.02631578947368420906549602023005718365311622619629,0.02298850574712643646257959062495501711964607238770,0.00000000000000000000000000000000000000000000000000,0.12195121951219511924335847652400843799114227294922,0.07142857142857142460634634062444092705845832824707,0.08988764044943819975230780983110889792442321777344,0.05194805194805195147633725127889192663133144378662,0.07594936708860759722039546204541693441569805145264,0.04651162790697674354056800893886247649788856506348,0.13953488372093023062170402681658742949366569519043,0.19753086419753085323236518888734281063079833984375,0.09756097560975610094580190434498945251107215881348,0.07317073170731706877045752435151371173560619354248,0.09677419354838709408817010171333095058798789978027,0.13698630136986300609436284503317438066005706787109,0.12903225806451612545089346895110793411731719970703,0.11764705882352941013202496378653449937701225280762,0.19047619047619046561692357499850913882255554199219,0.12121212121212121548552431704592891037464141845703,0.14492753623188406320032584062573732808232307434082,0.17910447761194028815090462103398749604821205139160,0.09375000000000000000000000000000000000000000000000,0.15384615384615385469402326634735800325870513916016,0.05333333333333333675652099259423266630619764328003,0.07792207792207792027561197301110951229929924011230,0.10958904109589040487549027602653950452804565429688,0.16438356164383560731323541403980925679206848144531,0.05333333333333333675652099259423266630619764328003,0.05000000000000000277555756156289135105907917022705,0.05405405405405405705465682331123389303684234619141,0.08333333333333332870740406406184774823486804962158,0.15384615384615385469402326634735800325870513916016,0.12195121951219511924335847652400843799114227294922,0.15384615384615385469402326634735800325870513916016,0.19718309859154928287416908005980076268315315246582,0.11764705882352941013202496378653449937701225280762,0.17647058823529412907582525349425850436091423034668,0.10958904109589040487549027602653950452804565429688,0.02597402597402597573816862563944596331566572189331,0.08571428571428571507873073187511181458830833435059,0.15789473684210525439297612138034310191869735717773,0.08823529411764706453791262674712925218045711517334,0.10526315789473683626198408092022873461246490478516,0.13333333333333333148296162562473909929394721984863,0.02564102564102564013603924308881687466055154800415,0.05128205128205128027207848617763374932110309600830,0.11111111111111110494320541874913033097982406616211,0.19444444444444444752839729062543483451008796691895,0.09523809523809523280846178749925456941127777099609,0.27692307692307693844924187942524440586566925048828,0.15625000000000000000000000000000000000000000000000,0.05970149253731343169659950831373862456530332565308,0.11940298507462686339319901662747724913060665130615
0.53521126760563375590606938203563913702964782714844,0.65753424657534242925294165615923702716827392578125,1.00000000000000000000000000000000000000000000000000,0.63291139240506333329960853006923571228981018066406,0.45945945945945948496458299814548809081315994262695,0.67605633802816900157495183520950376987457275390625,0.48717948717948716952363952259474899619817733764648,0.46753246753246752165367183806665707379579544067383,0.45783132530120479453117354751157108694314956665039,0.56000000000000005329070518200751394033432006835938,0.10958904109589040487549027602653950452804565429688,0.11764705882352941013202496378653449937701225280762,0.09876543209876542661618259444367140531539916992188,0.05633802816901408577754395423653477337211370468140,0.11111111111111110494320541874913033097982406616211,0.13157894736842104532748010115028591826558113098145,0.04878048780487805047290095217249472625553607940674,0.11764705882352941013202496378653449937701225280762,0.11111111111111110494320541874913033097982406616211,0.15873015873015872134743631249875761568546295166016,0.05405405405405405705465682331123389303684234619141,0.03030303030303030387138107926148222759366035461426,0.02857142857142857053642792664049920858815312385559,0.02739726027397260121887256900663487613201141357422,0.02531645569620253125031617003060091519728302955627,0.10000000000000000555111512312578270211815834045410,0.05063291139240506250063234006120183039456605911255,0.02597402597402597573816862563944596331566572189331,0.04545454545454545580707161889222334139049053192139,0.00000000000000000000000000000000000000000000000000,0.21686746987951807663641545786958886310458183288574,0.09411764705882352810561997102922759950160980224609,0.13333333333333333148296162562473909929394721984863,0.07692307692307692734701163317367900162935256958008,0.10000000000000000555111512312578270211815834045410,0.16091954022988505523805713437468511983752250671387,0.18390804597701149170063672499964013695716857910156,0.24390243902439023848671695304801687598228454589844,0.19277108433734940762249721046828199177980422973633,0.04819277108433735190562430261707049794495105743408,0.06349206349206348853897452499950304627418518066406,0.10810810810810811410931364662246778607368469238281,0.12698412698412697707794904999900609254837036132812,0.17391304347826086473816076249931938946247100830078,0.15625000000000000000000000000000000000000000000000,0.17910447761194028815090462103398749604821205139160,0.11428571428571428214571170656199683435261249542236,0.17647058823529412907582525349425850436091423034668,0.12307692307692308375521861307788640260696411132812,0.09090909090909091161414323778444668278098106384277,0.05263157894736841813099204046011436730623245239258,0.12820512820512819374130231153685599565505981445312,0.16216216216216217116397046993370167911052703857422,0.10810810810810811410931364662246778607368469238281,0.07894736842105262719648806069017155095934867858887,0.04938271604938271330809129722183570265769958496094,0.13333333333333333148296162562473909929394721984863,0.05479452054794520243774513801326975226402282714844,0.07594936708860759722039546204541693441569805145264,0.14457831325301204183908510003675473853945732116699,0.17721518987341772222166014216782059520483016967773,0.16666666666666665741480812812369549646973609924316,0.17391304347826086473816076249931938946247100830078,0.17391304347826086473816076249931938946247100830078,0.16216216216216217116397046993370167911052703857422,0.10256410256410256054415697235526749864220619201660,0.08450704225352112519686897940118797123432159423828,0.12987012987012985787416141647554468363523483276367,0.08695652173913043236908038124965969473123550415039,0.10389610389610390295267450255778385326266288757324,0.09836065573770491621274913995875976979732513427734,0.12658227848101266665992170601384714245796203613281,0.07594936708860759722039546204541693441569805145264,0.10958904109589040487549027602653950452804565429688,0.16438356164383560731323541403980925679206848144531,0.06250000000000000000000000000000000000000000000000,0.24242424242424243097104863409185782074928283691406,0.24615384615384616751043722615577280521392822265625,0.05882352941176470506601248189326724968850612640381,0.14705882352941176960392510864039650186896324157715
0.60526315789473683626198408092022873461246490478516,0.51282051282051277496520924614742398262023925781250,0.63291139240506333329960853006923571228981018066406,1.00000000000000000000000000000000000000000000000000,0.58227848101265822222671886265743523836135864257812,0.47368421052631576317892836414102930575609207153320,0.55421686746987952609799776837462559342384338378906,0.39024390243902440378320761737995781004428863525391,0.68181818181818176771713524431106634438037872314453,0.59999999999999997779553950749686919152736663818359,0.05128205128205128027207848617763374932110309600830,0.08888888888888889228123701968797831796109676361084,0.02325581395348837177028400446943123824894428253174,0.02631578947368420906549602023005718365311622619629,0.05194805194805195147633725127889192663133144378662,0.09876543209876542661618259444367140531539916992188,0.04597701149425287292515918124991003423929214477539,0.08219178082191780365661770701990462839603424072266,0.07792207792207792027561197301110951229929924011230,0.05882352941176470506601248189326724968850612640381,0.05063291139240506250063234006120183039456605911255,0.02816901408450704288877197711826738668605685234070,0.02666666666666666837826049629711633315309882164001,0.02564102564102564013603924308881687466055154800415,0.02380952380952380820211544687481364235281944274902,0.04705882352941176405280998551461379975080490112305,0.07142857142857142460634634062444092705845832824707,0.04878048780487805047290095217249472625553607940674,0.04301075268817204644289375892185489647090435028076,0.00000000000000000000000000000000000000000000000000,0.11363636363636363257878514332332997582852840423584,0.11111111111111110494320541874913033097982406616211,0.10526315789473683626198408092022873461246490478516,0.07228915662650602091954255001837736926972866058350,0.09411764705882352810561997102922759950160980224609,0.15217391304347827052367847500136122107505798339844,0.10869565217391304046135047656207461841404438018799,0.16091954022988505523805713437468511983752250671387,0.11363636363636363257878514332332997582852840423584,0.06818181818181817677171352443110663443803787231445,0.05882352941176470506601248189326724968850612640381,0.12658227848101266665992170601384714245796203613281,0.08823529411764706453791262674712925218045711517334,0.08108108108108108558198523496685083955526351928711,0.08695652173913043236908038124965969473123550415039,0.02777777777777777623580135468728258274495601654053,0.18666666666666667517837652212620014324784278869629,0.10958904109589040487549027602653950452804565429688,0.05714285714285714107285585328099841717630624771118,0.02816901408450704288877197711826738668605685234070,0.04938271604938271330809129722183570265769958496094,0.07228915662650602091954255001837736926972866058350,0.10126582278481012500126468012240366078913211822510,0.12658227848101266665992170601384714245796203613281,0.07407407407407406996213694583275355398654937744141,0.06976744186046511531085201340829371474683284759521,0.07499999999999999722444243843710864894092082977295,0.07692307692307692734701163317367900162935256958008,0.11904761904761904101057723437406821176409721374512,0.18181818181818182322828647556889336556196212768555,0.09523809523809523280846178749925456941127777099609,0.10389610389610390295267450255778385326266288757324,0.05405405405405405705465682331123389303684234619141,0.08108108108108108558198523496685083955526351928711,0.10126582278481012500126468012240366078913211822510,0.07228915662650602091954255001837736926972866058350,0.07894736842105262719648806069017155095934867858887,0.07317073170731706877045752435151371173560619354248,0.08108108108108108558198523496685083955526351928711,0.02439024390243902523645047608624736312776803970337,0.12121212121212121548552431704592891037464141845703,0.09523809523809523280846178749925456941127777099609,0.14285714285714284921269268124888185411691665649414,0.12820512820512819374130231153685599565505981445312,0.10256410256410256054415697235526749864220619201660,0.11594202898550724778470311093769851140677928924561,0.16901408450704225039373795880237594246864318847656,0.17142857142857143015746146375022362917661666870117,0.05479452054794520243774513801326975226402282714844,0.13698630136986300609436284503317438066005706787109
0.59154929577464787637808285580831579864025115966797,0.46575342465753422072083367311279289424419403076172,0.45945945945945948496458299814548809081315994262695,0.58227848101265822222671886265743523836135864257812,1.00000000000000000000000000000000000000000000000000,0.39436619718309856574833816011960152536630630493164,0.56410256410256409687065115576842799782752990722656,0.46753246753246752165367183806665707379579544067383,0.50602409638554213255901004231418482959270477294922,0.61333333333333328596381761599332094192504882812500,0.08219178082191780365661770701990462839603424072266,0.09411764705882352810561997102922759950160980224609,0.02469135802469135665404564861091785132884979248047,0.08450704225352112519686897940118797123432159423828,0.05555555555555555247160270937456516548991203308105,0.15789473684210525439297612138034310191869735717773,0.09756097560975610094580190434498945251107215881348,0.17647058823529412907582525349425850436091423034668,0.13888888888888889505679458125086966902017593383789,0.12698412698412697707794904999900609254837036132812,0.02702702702702702852732841165561694651842117309570,0.06060606060606060774276215852296445518732070922852,0.02857142857142857053642792664049920858815312385559,0.05479452054794520243774513801326975226402282714844,0.05063291139240506250063234006120183039456605911255,0.07499999999999999722444243843710864894092082977295,0.05063291139240506250063234006120183039456605911255,0.07792207792207792027561197301110951229929924011230,0.06818181818181817677171352443110663443803787231445,0.00000000000000000000000000000000000000000000000000,0.14457831325301204183908510003675473853945732116699,0.09411764705882352810561997102922759950160980224609,0.15555555555555555802271783250034786760807037353516,0.05128205128205128027207848617763374932110309600830,0.05000000000000000277555756156289135105907917022705,0.16091954022988505523805713437468511983752250671387,0.16091954022988505523805713437468511983752250671387,0.24390243902439023848671695304801687598228454589844,0.16867469879518071085300334743806160986423492431641,0.04819277108433735190562430261707049794495105743408,0.03174603174603174426948726249975152313709259033203,0.21621621621621622821862729324493557214736938476562,0.03174603174603174426948726249975152313709259033203,0.11594202898550724778470311093769851140677928924561,0.06250000000000000000000000000000000000000000000000,0.00000000000000000000000000000000000000000000000000,0.20000000000000001110223024625156540423631668090820,0.08823529411764706453791262674712925218045711517334,0.09230769230769231281641395980841480195522308349609,0.06060606060606060774276215852296445518732070922852,0.05263157894736841813099204046011436730623245239258,0.15384615384615385469402326634735800325870513916016,0.13513513513513514263664205827808473259210586547852,0.08108108108108108558198523496685083955526351928711,0.07894736842105262719648806069017155095934867858887,0.02469135802469135665404564861091785132884979248047,0.10666666666666667351304198518846533261239528656006,0.00000000000000000000000000000000000000000000000000,0.02531645569620253125031617003060091519728302955627,0.09638554216867470381124860523414099588990211486816,0.05063291139240506250063234006120183039456605911255,0.08333333333333332870740406406184774823486804962158,0.11594202898550724778470311093769851140677928924561,0.11594202898550724778470311093769851140677928924561,0.08108108108108108558198523496685083955526351928711,0.05128205128205128027207848617763374932110309600830,0.02816901408450704288877197711826738668605685234070,0.07792207792207792027561197301110951229929924011230,0.14492753623188406320032584062573732808232307434082,0.02597402597402597573816862563944596331566572189331,0.06557377049180328210109536257732543163001537322998,0.07594936708860759722039546204541693441569805145264,0.12658227848101266665992170601384714245796203613281,0.16438356164383560731323541403980925679206848144531,0.08219178082191780365661770701990462839603424072266,0.09375000000000000000000000000000000000000000000000,0.12121212121212121548552431704592891037464141845703,0.12307692307692308375521861307788640260696411132812,0.08823529411764706453791262674712925218045711517334,0.14705882352941176960392510864039650186896324157715
0.61764705882352943788760057941544800996780395507812,0.48571428571428570952761560874932911247014999389648,0.67605633802816900157495183520950376987457275390625,0.47368421052631576317892836414102930575609207153320,0.39436619718309856574833816011960152536630630493164,1.00000000000000000000000000000000000000000000000000,0.56000000000000005329070518200751394033432006835938,0.43243243243243245643725458648987114429473876953125,0.45000000000000001110223024625156540423631668090820,0.52777777777777779011358916250173933804035186767578,0.14285714285714284921269268124888185411691665649414,0.07317073170731706877045752435151371173560619354248,0.10256410256410256054415697235526749864220619201660,0.08823529411764706453791262674712925218045711517334,0.02898550724637681194617577773442462785169482231140,0.13698630136986300609436284503317438066005706787109,0.07594936708860759722039546204541693441569805145264,0.12307692307692308375521861307788640260696411132812,0.14492753623188406320032584062573732808232307434082,0.20000000000000001110223024625156540423631668090820,0.02816901408450704288877197711826738668605685234070,0.12698412698412697707794904999900609254837036132812,0.02985074626865671584829975415686931228265166282654,0.05714285714285714107285585328099841717630624771118,0.05263157894736841813099204046011436730623245239258,0.07792207792207792027561197301110951229929924011230,0.05263157894736841813099204046011436730623245239258,0.00000000000000000000000000000000000000000000000000,0.07058823529411764607921497827192069962620735168457,0.06060606060606060774276215852296445518732070922852,0.20000000000000001110223024625156540423631668090820,0.09756097560975610094580190434498945251107215881348,0.11494252873563218231289795312477508559823036193848,0.05333333333333333675652099259423266630619764328003,0.07792207792207792027561197301110951229929924011230,0.19047619047619046561692357499850913882255554199219,0.16666666666666665741480812812369549646973609924316,0.15189873417721519444079092409083386883139610290527,0.22500000000000000555111512312578270211815834045410,0.07499999999999999722444243843710864894092082977295,0.10000000000000000555111512312578270211815834045410,0.08450704225352112519686897940118797123432159423828,0.10000000000000000555111512312578270211815834045410,0.24242424242424243097104863409185782074928283691406,0.09836065573770491621274913995875976979732513427734,0.18750000000000000000000000000000000000000000000000,0.14925373134328356883315791492350399494171142578125,0.15384615384615385469402326634735800325870513916016,0.09677419354838709408817010171333095058798789978027,0.12698412698412697707794904999900609254837036132812,0.10958904109589040487549027602653950452804565429688,0.13333333333333333148296162562473909929394721984863,0.19718309859154928287416908005980076268315315246582,0.14084507042253521791330683754495112225413322448730,0.10958904109589040487549027602653950452804565429688,0.10256410256410256054415697235526749864220619201660,0.05555555555555555247160270937456516548991203308105,0.05714285714285714107285585328099841717630624771118,0.10526315789473683626198408092022873461246490478516,0.17499999999999998889776975374843459576368331909180,0.18421052631578946345847214161040028557181358337402,0.08695652173913043236908038124965969473123550415039,0.15151515151515151935690539630741113796830177307129,0.21212121212121212709966755483037559315562248229980,0.11267605633802817155508790847306954674422740936279,0.16000000000000000333066907387546962127089500427246,0.08823529411764706453791262674712925218045711517334,0.13513513513513514263664205827808473259210586547852,0.09090909090909091161414323778444668278098106384277,0.13513513513513514263664205827808473259210586547852,0.13793103448275861877547754374973010271787643432617,0.10526315789473683626198408092022873461246490478516,0.15789473684210525439297612138034310191869735717773,0.08571428571428571507873073187511181458830833435059,0.14285714285714284921269268124888185411691665649414,0.06557377049180328210109536257732543163001537322998,0.22222222222222220988641083749826066195964813232422,0.22580645161290321953906357066443888470530509948730,0.06153846153846154187760930653894320130348205566406,0.12307692307692308375521861307788640260696411132812
0.58666666666666666962726139900041744112968444824219,0.41558441558441561181069801023113541305065155029297,0.48717948717948716952363952259474899619817733764648,0.55421686746987952609799776837462559342384338378906,0.56410256410256409687065115576842799782752990722656,0.56000000000000005329070518200751394033432006835938,1.00000000000000000000000000000000000000000000000000,0.76543209876543205627541510693845339119434356689453,0.52873563218390806639490620000287890434265136718750,0.58227848101265822222671886265743523836135864257812,0.07792207792207792027561197301110951229929924011230,0.08988764044943819975230780983110889792442321777344,0.07058823529411764607921497827192069962620735168457,0.02666666666666666837826049629711633315309882164001,0.00000000000000000000000000000000000000000000000000,0.07499999999999999722444243843710864894092082977295,0.02325581395348837177028400446943123824894428253174,0.02777777777777777623580135468728258274495601654053,0.02631578947368420906549602023005718365311622619629,0.02985074626865671584829975415686931228265166282654,0.02564102564102564013603924308881687466055154800415,0.05714285714285714107285585328099841717630624771118,0.02702702702702702852732841165561694651842117309570,0.07792207792207792027561197301110951229929924011230,0.02409638554216867595281215130853524897247552871704,0.04761904761904761640423089374962728470563888549805,0.04819277108433735190562430261707049794495105743408,0.02469135802469135665404564861091785132884979248047,0.08695652173913043236908038124965969473123550415039,0.00000000000000000000000000000000000000000000000000,0.09195402298850574585031836249982006847858428955078,0.06741573033707864981423085737333167344331741333008,0.06382978723404254817186398440753691829741001129150,0.04878048780487805047290095217249472625553607940674,0.02380952380952380820211544687481364235281944274902,0.08791208791208791895055441045769839547574520111084,0.10989010989010988827985215721128042787313461303711,0.11627906976744185885142002234715619124472141265869,0.09195402298850574585031836249982006847858428955078,0.09195402298850574585031836249982006847858428955078,0.08955223880597014407545231051699374802410602569580,0.10256410256410256054415697235526749864220619201660,0.08955223880597014407545231051699374802410602569580,0.13698630136986300609436284503317438066005706787109,0.08823529411764706453791262674712925218045711517334,0.08450704225352112519686897940118797123432159423828,0.13513513513513514263664205827808473259210586547852,0.13888888888888889505679458125086966902017593383789,0.05797101449275362389235155546884925570338964462280,0.02857142857142857053642792664049920858815312385559,0.05000000000000000277555756156289135105907917022705,0.14634146341463413754091504870302742347121238708496,0.07692307692307692734701163317367900162935256958008,0.15384615384615385469402326634735800325870513916016,0.07499999999999999722444243843710864894092082977295,0.04705882352941176405280998551461379975080490112305,0.07594936708860759722039546204541693441569805145264,0.05194805194805195147633725127889192663133144378662,0.02409638554216867595281215130853524897247552871704,0.13793103448275861877547754374973010271787643432617,0.12048192771084337282516685263544786721467971801758,0.07894736842105262719648806069017155095934867858887,0.13698630136986300609436284503317438066005706787109,0.19178082191780820853210798304644413292407989501953,0.10256410256410256054415697235526749864220619201660,0.02439024390243902523645047608624736312776803970337,0.02666666666666666837826049629711633315309882164001,0.07407407407407406996213694583275355398654937744141,0.05479452054794520243774513801326975226402282714844,0.02469135802469135665404564861091785132884979248047,0.09230769230769231281641395980841480195522308349609,0.12048192771084337282516685263544786721467971801758,0.12048192771084337282516685263544786721467971801758,0.02597402597402597573816862563944596331566572189331,0.07792207792207792027561197301110951229929924011230,0.17647058823529412907582525349425850436091423034668,0.05714285714285714107285585328099841717630624771118,0.08695652173913043236908038124965969473123550415039,0.05555555555555555247160270937456516548991203308105,0.05555555555555555247160270937456516548991203308105
0.54054054054054057054656823311233893036842346191406,0.28947368421052632747603183815954253077507019042969,0.46753246753246752165367183806665707379579544067383,0.39024390243902440378320761737995781004428863525391,0.46753246753246752165367183806665707379579544067383,0.43243243243243245643725458648987114429473876953125,0.76543209876543205627541510693845339119434356689453,1.00000000000000000000000000000000000000000000000000,0.51162790697674420670182371395640075206756591796875,0.56410256410256409687065115576842799782752990722656,0.10526315789473683626198408092022873461246490478516,0.06818181818181817677171352443110663443803787231445,0.04761904761904761640423089374962728470563888549805,0.05405405405405405705465682331123389303684234619141,0.02666666666666666837826049629711633315309882164001,0.07594936708860759722039546204541693441569805145264,0.04705882352941176405280998551461379975080490112305,0.14084507042253521791330683754495112225413322448730,0.05333333333333333675652099259423266630619764328003,0.03030303030303030387138107926148222759366035461426,0.10389610389610390295267450255778385326266288757324,0.05797101449275362389235155546884925570338964462280,0.05479452054794520243774513801326975226402282714844,0.02631578947368420906549602023005718365311622619629,0.04878048780487805047290095217249472625553607940674,0.02409638554216867595281215130853524897247552871704,0.09756097560975610094580190434498945251107215881348,0.02500000000000000138777878078144567552953958511353,0.08791208791208791895055441045769839547574520111084,0.02777777777777777623580135468728258274495601654053,0.11627906976744185885142002234715619124472141265869,0.13636363636363635354342704886221326887607574462891,0.06451612903225806272544673447555396705865859985352,0.12345679012345678327022824305458925664424896240234,0.04819277108433735190562430261707049794495105743408,0.11111111111111110494320541874913033097982406616211,0.06666666666666666574148081281236954964697360992432,0.11764705882352941013202496378653449937701225280762,0.09302325581395348708113601787772495299577713012695,0.06976744186046511531085201340829371474683284759521,0.06060606060606060774276215852296445518732070922852,0.07792207792207792027561197301110951229929924011230,0.09090909090909091161414323778444668278098106384277,0.08333333333333332870740406406184774823486804962158,0.02985074626865671584829975415686931228265166282654,0.02857142857142857053642792664049920858815312385559,0.10958904109589040487549027602653950452804565429688,0.14084507042253521791330683754495112225413322448730,0.05882352941176470506601248189326724968850612640381,0.05797101449275362389235155546884925570338964462280,0.07594936708860759722039546204541693441569805145264,0.09876543209876542661618259444367140531539916992188,0.10389610389610390295267450255778385326266288757324,0.12987012987012985787416141647554468363523483276367,0.07594936708860759722039546204541693441569805145264,0.07142857142857142460634634062444092705845832824707,0.07692307692307692734701163317367900162935256958008,0.02631578947368420906549602023005718365311622619629,0.09756097560975610094580190434498945251107215881348,0.11627906976744185885142002234715619124472141265869,0.07317073170731706877045752435151371173560619354248,0.05333333333333333675652099259423266630619764328003,0.13888888888888889505679458125086966902017593383789,0.13888888888888889505679458125086966902017593383789,0.00000000000000000000000000000000000000000000000000,0.04938271604938271330809129722183570265769958496094,0.05405405405405405705465682331123389303684234619141,0.05000000000000000277555756156289135105907917022705,0.00000000000000000000000000000000000000000000000000,0.07499999999999999722444243843710864894092082977295,0.12500000000000000000000000000000000000000000000000,0.09756097560975610094580190434498945251107215881348,0.12195121951219511924335847652400843799114227294922,0.07894736842105262719648806069017155095934867858887,0.07894736842105262719648806069017155095934867858887,0.17910447761194028815090462103398749604821205139160,0.08695652173913043236908038124965969473123550415039,0.14705882352941176960392510864039650186896324157715,0.19718309859154928287416908005980076268315315246582,0.11267605633802817155508790847306954674422740936279
0.57499999999999995559107901499373838305473327636719,0.41463414634146339432518857393006328493356704711914,0.45783132530120479453117354751157108694314956665039,0.68181818181818176771713524431106634438037872314453,0.50602409638554213255901004231418482959270477294922,0.45000000000000001110223024625156540423631668090820,0.52873563218390806639490620000287890434265136718750,0.51162790697674420670182371395640075206756591796875,1.00000000000000000000000000000000000000000000000000,0.69047619047619046561692357499850913882255554199219,0.07317073170731706877045752435151371173560619354248,0.04255319148936170109420729090743407141417264938354,0.08888888888888889228123701968797831796109676361084,0.02500000000000000138777878078144567552953958511353,0.04938271604938271330809129722183570265769958496094,0.09411764705882352810561997102922759950160980224609,0.02197802197802197973763860261442459886893630027771,0.00000000000000000000000000000000000000000000000000,0.04938271604938271330809129722183570265769958496094,0.05555555555555555247160270937456516548991203308105,0.09638554216867470381124860523414099588990211486816,0.05333333333333333675652099259423266630619764328003,0.02531645569620253125031617003060091519728302955627,0.04878048780487805047290095217249472625553607940674,0.04545454545454545580707161889222334139049053192139,0.13483146067415729962846171474666334688663482666016,0.04545454545454545580707161889222334139049053192139,0.04651162790697674354056800893886247649788856506348,0.10309278350515463373859859075309941545128822326660,0.02564102564102564013603924308881687466055154800415,0.08695652173913043236908038124965969473123550415039,0.08510638297872340218841458181486814282834529876709,0.08080808080808081494961214730210485868155956268311,0.00000000000000000000000000000000000000000000000000,0.04494382022471909987615390491555444896221160888672,0.10416666666666667129259593593815225176513195037842,0.08333333333333332870740406406184774823486804962158,0.08791208791208791895055441045769839547574520111084,0.10869565217391304046135047656207461841404438018799,0.02173913043478260809227009531241492368280887603760,0.05555555555555555247160270937456516548991203308105,0.12048192771084337282516685263544786721467971801758,0.11111111111111110494320541874913033097982406616211,0.12820512820512819374130231153685599565505981445312,0.16438356164383560731323541403980925679206848144531,0.05263157894736841813099204046011436730623245239258,0.15189873417721519444079092409083386883139610290527,0.15584415584415584055122394602221902459859848022461,0.05405405405405405705465682331123389303684234619141,0.08000000000000000166533453693773481063544750213623,0.09411764705882352810561997102922759950160980224609,0.11494252873563218231289795312477508559823036193848,0.09638554216867470381124860523414099588990211486816,0.19277108433734940762249721046828199177980422973633,0.04705882352941176405280998551461379975080490112305,0.04444444444444444614061850984398915898054838180542,0.09523809523809523280846178749925456941127777099609,0.12195121951219511924335847652400843799114227294922,0.13636363636363635354342704886221326887607574462891,0.17391304347826086473816076249931938946247100830078,0.06818181818181817677171352443110663443803787231445,0.07407407407407406996213694583275355398654937744141,0.07692307692307692734701163317367900162935256958008,0.05128205128205128027207848617763374932110309600830,0.07228915662650602091954255001837736926972866058350,0.09195402298850574585031836249982006847858428955078,0.05000000000000000277555756156289135105907917022705,0.09302325581395348708113601787772495299577713012695,0.10256410256410256054415697235526749864220619201660,0.06976744186046511531085201340829371474683284759521,0.11428571428571428214571170656199683435261249542236,0.11363636363636363257878514332332997582852840423584,0.11363636363636363257878514332332997582852840423584,0.02439024390243902523645047608624736312776803970337,0.04878048780487805047290095217249472625553607940674,0.08219178082191780365661770701990462839603424072266,0.13333333333333333148296162562473909929394721984863,0.08108108108108108558198523496685083955526351928711,0.05194805194805195147633725127889192663133144378662,0.15584415584415584055122394602221902459859848022461
